03211
2 17 45 46 75 
13 21 40 56 70 
5 24 0 52 74 
9 25 33 55 69 
6 23 37 54 65 

03212
8 17 42 54 72 
11 21 34 56 64 
3 18 0 53 65 
14 22 43 59 66 
9 20 36 48 74 

03213
6 16 39 55 72 
2 26 42 58 67 
4 20 0 47 68 
12 19 34 52 66 
8 30 35 57 63 

03214
6 22 39 49 71 
14 25 45 57 68 
10 16 0 56 69 
7 20 37 47 61 
4 26 36 50 74 

03215
8 21 39 50 72 
2 23 40 46 69 
6 20 0 56 61 
12 19 38 49 65 
5 26 45 52 63 

03216
13 18 32 48 74 
6 30 35 49 69 
1 29 0 58 71 
3 17 33 54 72 
2 21 36 53 65 

03217
4 27 34 50 72 
7 21 40 47 73 
12 19 0 60 74 
13 20 33 49 65 
8 28 42 58 67 

03218
6 16 42 57 69 
12 18 31 50 67 
7 28 0 54 63 
11 21 45 52 71 
1 19 41 55 65 

03219
6 26 33 57 62 
14 23 36 60 72 
2 17 0 46 66 
4 21 40 58 64 
9 24 45 55 65 

03220
5 29 38 50 70 
10 22 37 49 74 
8 26 0 53 66 
13 19 43 52 65 
7 23 33 54 71 

03221
8 24 32 49 73 
7 29 43 54 74 
1 25 0 50 64 
12 23 36 48 70 
3 21 39 53 63 

03222
13 16 43 54 67 
11 24 42 47 62 
7 21 0 52 72 
8 19 36 50 66 
4 26 40 48 68 

03223
6 29 38 47 62 
8 23 40 50 74 
3 19 0 56 70 
10 24 37 57 69 
9 20 35 58 67 

03224
12 21 37 47 70 
6 18 36 56 67 
10 26 0 60 62 
4 30 31 54 61 
13 24 39 52 71 

03225
8 16 31 60 61 
2 25 44 53 62 
9 17 0 49 75 
7 27 33 58 69 
12 28 42 50 71 

03226
1 24 43 60 70 
5 16 39 53 69 
7 30 0 50 67 
11 29 40 56 71 
14 26 33 59 64 

03227
14 25 33 51 67 
3 28 32 49 65 
5 17 0 58 75 
12 29 39 57 71 
11 18 42 52 68 

03228
11 17 42 54 74 
8 24 44 55 67 
3 27 0 47 73 
2 18 31 56 71 
4 25 32 59 69 

03229
15 16 33 60 68 
6 27 41 46 73 
13 30 0 49 66 
10 29 40 51 72 
3 28 36 58 67 

03230
3 23 38 46 75 
6 26 32 60 69 
4 21 0 48 72 
5 17 45 50 71 
9 28 37 57 64 

03231
14 24 36 56 72 
4 29 42 54 75 
6 17 0 59 64 
3 21 43 57 61 
1 23 35 49 63 

03232
4 27 45 46 72 
8 16 31 50 68 
6 23 0 55 71 
11 22 37 54 69 
1 26 36 53 65 

03233
2 25 35 47 73 
15 28 44 53 74 
4 18 0 52 75 
3 20 42 50 68 
13 27 38 55 61 

03234
5 19 33 48 62 
1 18 39 57 68 
4 29 0 56 72 
10 27 41 55 74 
15 16 42 52 70 

03235
7 21 33 49 70 
13 24 45 47 61 
5 26 0 54 67 
12 17 32 60 63 
4 18 35 50 74 

03236
8 27 32 56 73 
5 20 31 49 63 
7 26 0 59 65 
11 22 33 51 71 
9 17 34 60 68 

03237
15 27 44 46 70 
9 30 35 47 74 
14 16 0 52 67 
6 19 40 56 64 
12 23 38 53 66 

03238
6 27 38 49 72 
7 21 42 57 68 
11 25 0 47 74 
14 28 31 53 66 
13 18 32 52 61 

03239
15 16 31 52 64 
12 29 38 53 74 
10 19 0 55 62 
2 21 41 49 70 
14 27 39 51 66 

03240
15 17 31 46 63 
4 19 40 47 66 
11 29 0 52 67 
10 20 41 55 62 
5 27 34 58 72 

03241
14 16 31 49 69 
8 30 39 59 75 
5 18 0 58 63 
9 22 42 48 70 
2 23 32 60 61 

03242
9 17 44 46 73 
14 30 36 56 63 
5 24 0 51 71 
10 26 31 54 65 
12 28 43 59 70 

03243
5 27 43 56 70 
1 26 31 51 61 
11 28 0 49 64 
4 23 41 55 68 
10 30 39 60 66 

03244
7 19 42 58 70 
15 23 45 54 75 
13 21 0 47 63 
6 17 36 53 65 
12 30 41 51 73 

03245
15 25 35 48 71 
14 26 37 51 68 
12 20 0 60 61 
10 16 33 56 72 
3 23 38 55 69 

03246
9 21 36 56 63 
14 16 45 54 65 
2 25 0 57 73 
1 30 41 53 67 
12 29 43 58 74 

03247
5 21 38 59 69 
10 18 39 57 64 
7 23 0 46 61 
13 30 37 49 74 
1 26 43 56 67 

03248
3 30 33 55 66 
4 27 38 60 74 
8 23 0 46 61 
7 18 35 51 65 
10 17 39 57 71 

03249
2 20 34 50 64 
1 25 41 48 70 
9 26 0 46 68 
15 30 38 58 71 
8 18 39 60 73 

03250
1 20 45 47 74 
2 29 42 59 66 
14 21 0 57 64 
7 25 36 54 62 
11 24 34 48 61 

